11.2N/41	19.00	20.00	21.00	14.00	8.50	5.50	3.00	1.50	1.50	1.00	1.00	1.50	2.00	3.00	1.00	1.00	1.50	1.00	0.50	0.50	0.00	1.00	1.00	0.50
13.8N/42	21.00	26.50	25.50	20.00	12.00	6.00	3.00	2.00	1.50	1.50	1.00	0.50	0.50	0.50	0.50	0.50	0.50	0.50	0.50	0.50	0.50	0.50	0.50	0.50
8.8N/40	16.50	16.50	15.00	10.00	8.00	7.50	5.00	3.00	3.00	2.50	2.50	2.00	1.50	1.50	1.50	1.50	3.50	4.00	2.00	1.50	1.00	1.50	1.50	1.00
16.2N/43	22.50	26.00	24.00	18.00	13.00	7.50	4.00	2.00	2.00	1.00	1.00	1.00	0.50	0.50	0.50	1.00	1.00	1.00	0.50	0.00	0.00	1.00	1.00	1.00
6.2N/39	17.50	15.00	15.00	16.50	12.50	11.50	13.00	13.00	12.00	10.50	9.00	9.00	6.00	3.00	5.50	12.00	8.00	3.00	2.00	3.50	3.00	2.50	2.00	1.50
18.8N/44	19.50	19.50	24.00	24.50	24.00	21.50	14.50	7.50	3.00	1.00	0.50	0.50	1.00	2.50	1.50	1.50	1.50	1.00	1.00	1.00	1.50	1.50	1.50	2.50
31.2N/49	16.00	16.00	14.00	12.50	13.50	14.50	13.50	13.50	13.50	13.00	13.00	16.50	18.50	20.00	21.00	21.00	21.00	20.50	20.50	19.50	19.00	19.00	19.00	20.50
33.8N/50	20.00	20.00	18.50	16.50	18.00	15.00	15.00	15.00	16.00	15.00	15.00	17.50	17.00	17.00	17.00	17.50	17.50	18.00	19.00	19.00	20.00	22.00	23.50	23.50
36.2N/51	26.00	23.00	23.00	17.00	19.50	17.00	16.00	16.00	16.00	19.00	18.00	19.00	19.50	19.50	18.00	16.00	14.00	14.00	14.00	18.00	20.50	22.00	25.50	25.50
21.2N/45	14.50	13.50	15.00	19.50	28.00	28.00	23.00	14.00	6.00	3.50	3.50	3.00	3.00	3.50	3.00	2.50	1.50	1.50	1.00	1.50	2.50	3.50	4.00	27.00
